75
20
21
19
35
14
61
93
19
4
3
18
94
61
35
14
64
13
85
68
87
50
87
26
95
57
77
20
91
26
97
30
32
78
27
46
52
68
27
32
89
70
49
74
3
36
69
67
39
34
92
86
51
30
58
0
38
63
68
56
12
71
74
60
80
17
40
49
54
12
45
12
77
52
14
27
79
68
51
82
67
26
55
47
39
38
80
98
58
42
66
37
62
89
59
13
20
85
72
31
1
80
18
73
41
11
0
88
87
0
40
15
92
95
65
23
16
88
12
0
63
94
96
11
40
46
76
19
87
28
63
74
11
24
27
29
64
58
63
52
70
95
72
8
11
62
97
59
34
1
59
31
92
82
62
21
79
91
32
6
41
45
53
15
48
42
93
65
20
34
78
36
53
55
0
31
57
31
45
71
16
95
91
89
36
3
53
50
26
45
90
72
75
89
60
97
3
71
18
56
76
25
73
88
65
12
39
75
66
74
22
44
58
43
22
54
54
93
11
3
6
98
47
41
94
38
98
85
13
13
36
4
86
89
64
73
55
15
4
27
90
45
53
38
43
30
67
84
88
37
20
93
55
59
64
76
87
5
66
35
15
98
44
72
56
19
74
33
54
71
54
7
55
71
57
5
94
22
57
22
18
24
63
20
58
18
15
41
42
60
90
10
40
0
7
70
45
54
61
46
