76
20
21
19
35
14
61
94
19
4
3
18
95
61
35
14
64
13
86
68
88
50
88
26
96
57
78
20
92
26
98
30
32
79
27
46
52
68
27
32
90
70
49
75
3
36
69
67
39
34
93
87
51
30
58
0
38
63
68
56
12
71
75
60
81
17
40
49
54
12
45
12
78
52
14
27
80
68
51
83
67
26
55
47
39
38
81
99
58
42
66
37
62
90
59
13
20
86
72
31
1
81
18
73
41
11
0
89
88
0
40
15
93
96
65
23
16
89
12
0
63
95
97
11
40
46
77
19
88
28
63
74
11
24
27
29
64
58
63
52
70
96
72
8
11
62
98
59
34
1
59
31
93
83
62
21
80
92
32
6
41
45
53
15
48
42
94
65
20
34
79
36
53
55
0
31
57
31
45
71
16
96
92
90
36
3
53
50
26
45
91
72
76
90
60
98
3
71
18
56
77
25
73
89
65
12
39
76
66
74
22
44
58
43
22
54
54
94
11
3
6
99
47
41
95
38
99
86
13
13
36
4
87
90
64
73
55
15
4
27
91
45
53
38
43
30
67
85
89
37
20
94
55
59
64
77
88
5
66
35
15
99
44
72
56
19
75
33
54
71
54
7
55
71
57
5
95
22
57
22
18
24
63
20
58
18
15
41
42
60
91
10
40
0
7
70
45
54
61
46
