77
21
22
20
36
15
62
96
20
4
3
19
97
62
36
15
65
14
88
69
90
51
90
27
98
58
79
21
94
27
100
31
33
80
28
47
53
69
28
33
92
71
50
76
3
37
70
68
40
35
95
89
52
31
59
0
39
64
69
57
13
72
76
61
82
18
41
50
55
13
46
13
79
53
15
28
81
69
52
85
68
27
56
48
40
39
82
101
59
43
67
38
63
92
60
14
21
88
73
32
1
82
19
74
42
12
0
91
90
0
41
16
95
98
66
24
17
91
13
0
64
97
99
12
41
47
78
20
90
29
64
75
12
25
28
30
65
59
64
53
71
98
73
9
12
63
100
60
35
1
60
32
95
85
63
22
81
94
33
7
42
46
54
16
49
43
96
66
21
35
80
37
54
56
0
32
58
32
46
72
17
98
94
92
37
3
54
51
27
46
93
73
77
92
61
100
3
72
19
57
78
26
74
91
66
13
40
77
67
75
23
45
59
44
23
55
55
96
12
3
7
101
48
42
97
39
101
88
14
14
37
4
89
92
65
74
56
16
4
28
93
46
54
39
44
31
68
87
91
38
21
96
56
60
65
78
90
5
67
36
16
101
45
73
57
20
76
34
55
72
55
8
56
72
58
5
97
23
58
23
19
25
64
21
59
19
16
42
43
61
93
11
41
0
8
71
46
55
62
47
